# Histogram data: train vs MCTS

# rank
# bin_edges: [11.5, 11.55, 11.6, 11.65, 11.7, 11.75, 11.8, 11.85, 11.9, 11.95, 12.0, 12.05, 12.1, 12.15, 12.2, 12.25, 12.3, 12.35, 12.4, 12.45, 12.5]
# train_density: [4.999999999995073e-14, 4.999999999995073e-14, 4.999999999995073e-14, 4.999999999995073e-14, 4.999999999995073e-14, 4.999999999995073e-14, 4.999999999995073e-14, 4.999999999995073e-14, 4.999999999995073e-14, 4.999999999995073e-14, 0.9999999999990503, 4.999999999995073e-14, 4.999999999995073e-14, 4.999999999995073e-14, 4.999999999995073e-14, 4.999999999995073e-14, 4.999999999995073e-14, 4.999999999995073e-14, 4.999999999995073e-14, 4.999999999995073e-14]
# mcts_density:  [4.999999999995073e-14, 4.999999999995073e-14, 4.999999999995073e-14, 4.999999999995073e-14, 4.999999999995073e-14, 4.999999999995073e-14, 4.999999999995073e-14, 4.999999999995073e-14, 4.999999999995073e-14, 4.999999999995073e-14, 0.9999999999990503, 4.999999999995073e-14, 4.999999999995073e-14, 4.999999999995073e-14, 4.999999999995073e-14, 4.999999999995073e-14, 4.999999999995073e-14, 4.999999999995073e-14, 4.999999999995073e-14, 4.999999999995073e-14]

# density
# bin_edges: [0.04, 0.04466666666666667, 0.04933333333333333, 0.054, 0.058666666666666666, 0.06333333333333332, 0.068, 0.07266666666666666, 0.07733333333333334, 0.08199999999999999, 0.08666666666666667, 0.09133333333333332, 0.096, 0.10066666666666665, 0.10533333333333333, 0.10999999999999999, 0.11466666666666667, 0.11933333333333332, 0.124, 0.12866666666666665, 0.13333333333333333]
# train_density: [0.09449999999999596, 0.0005000000000046207, 0.03250000000000167, 0.008500000000003885, 0.006500000000004079, 0.03100000000000172, 0.01600000000000324, 0.03250000000000158, 0.012000000000003598, 0.01300000000000343, 0.046000000000000575, 0.01700000000000305, 0.05200000000000004, 0.0270000000000021, 0.030000000000001994, 0.0879999999999963, 0.026500000000002306, 0.15349999999999012, 0.015000000000003332, 0.2979999999999764]
# mcts_density:  [4.666666666666244e-15, 4.666666666666244e-15, 4.666666666666244e-15, 4.666666666666244e-15, 4.666666666666244e-15, 4.666666666666244e-15, 4.666666666666244e-15, 4.666666666666244e-15, 4.666666666666244e-15, 4.666666666666244e-15, 4.666666666666244e-15, 4.666666666666244e-15, 4.666666666666244e-15, 4.666666666666244e-15, 4.666666666666244e-15, 4.666666666666244e-15, 4.666666666666244e-15, 4.666666666666244e-15, 4.666666666666244e-15, 0.9999999999999113]

# row_wt_mean
# bin_edges: [1.0, 1.1166666666666667, 1.2333333333333334, 1.35, 1.4666666666666668, 1.5833333333333335, 1.7, 1.8166666666666667, 1.9333333333333333, 2.05, 2.166666666666667, 2.283333333333333, 2.4, 2.5166666666666666, 2.6333333333333333, 2.75, 2.8666666666666667, 2.9833333333333334, 3.1, 3.216666666666667, 3.3333333333333335]
# train_density: [0.09449999999989615, 0.0005000000001155001, 0.032500000000040837, 0.008500000000096833, 0.022500000000064167, 0.015000000000081695, 0.016000000000079336, 0.032500000000040837, 0.012000000000088691, 0.03500000000003487, 0.024000000000060757, 0.017000000000077, 0.051999999999995335, 0.02700000000005367, 0.030000000000046663, 0.08799999999991133, 0.026500000000054834, 0.1534999999997585, 0.015000000000081667, 0.29799999999942134]
# mcts_density:  [1.1666666666639448e-13, 1.1666666666639448e-13, 1.1666666666639448e-13, 1.1666666666639448e-13, 1.1666666666639448e-13, 1.1666666666639448e-13, 1.1666666666639448e-13, 1.1666666666639448e-13, 1.1666666666639448e-13, 1.1666666666639448e-13, 1.1666666666639448e-13, 1.1666666666639448e-13, 1.1666666666639448e-13, 1.1666666666639448e-13, 1.1666666666639448e-13, 1.1666666666639448e-13, 1.1666666666639448e-13, 1.1666666666639448e-13, 1.1666666666639448e-13, 0.9999999999977833]

# row_wt_std
# bin_edges: [0.0, 0.27344890849216336, 0.5468978169843267, 0.82034672547649, 1.0937956339686534, 1.3672445424608168, 1.64069345095298, 1.9141423594451434, 2.187591267937307, 2.4610401764294703, 2.7344890849216337, 3.007937993413797, 3.28138690190596, 3.5548358103981235, 3.828284718890287, 4.10173362738245, 4.375182535874614, 4.648631444366777, 4.9220803528589405, 5.195529261351104, 5.468978169843267]
# train_density: [0.07949999999983866, 0.016000000000185945, 2.734489084906679e-13, 0.1119999999996609, 0.1004999999997238, 0.09249999999976763, 0.1134999999996527, 0.10599999999969371, 0.0829999999998195, 0.08649999999980035, 0.058499999999953506, 0.04300000000003835, 0.035500000000079295, 0.025000000000136725, 0.014000000000196881, 0.011000000000213289, 0.0070000000002351645, 0.0070000000002351645, 0.005500000000243368, 0.004000000000251573]
# mcts_density:  [2.734489084906679e-13, 2.734489084906679e-13, 2.734489084906679e-13, 0.08699999999979763, 0.06499999999991796, 0.05499999999997269, 0.05499999999997265, 0.07299999999987418, 0.17299999999932728, 0.23099999999901005, 0.1449999999994804, 0.06699999999990713, 0.028000000000120314, 0.011000000000213289, 0.008000000000229697, 0.002000000000262511, 2.734489084906679e-13, 2.734489084906679e-13, 2.734489084906679e-13, 2.734489084906679e-13]

# row_wt_max
# bin_edges: [1.0, 2.0, 3.0, 4.0, 5.0, 6.0, 7.0, 8.0, 9.0, 10.0, 11.0, 12.0, 13.0, 14.0, 15.0, 16.0, 17.0, 18.0, 19.0, 20.0, 21.0]
# train_density: [0.07949999999941, 0.016000000000679998, 9.9999999998e-13, 0.15199999999796, 0.11199999999876001, 0.016000000000679998, 0.2099999999968, 0.09749999999905001, 0.04900000000002, 0.08799999999924, 0.05399999999992, 0.031000000000379998, 0.030500000000389996, 0.022500000000549997, 0.00950000000081, 0.007000000000860001, 0.00900000000082, 0.007000000000860001, 0.00550000000089, 0.00400000000092]
# mcts_density:  [9.999999999799998e-13, 9.999999999799998e-13, 9.999999999799998e-13, 0.0020000000009599995, 0.08699999999925997, 0.09799999999904, 0.052999999999939984, 0.05899999999981998, 0.16899999999761997, 0.16399999999771997, 0.12199999999855998, 0.09699999999905999, 0.09099999999917999, 0.03500000000029999, 0.0050000000009, 0.006000000000879999, 0.006000000000879999, 0.0030000000009399994, 0.0030000000009399994, 9.999999999799998e-13]

# col_wt_mean
# bin_edges: [0.48, 0.536, 0.592, 0.648, 0.704, 0.76, 0.8160000000000001, 0.8720000000000001, 0.928, 0.9840000000000001, 1.04, 1.096, 1.1520000000000001, 1.2080000000000002, 1.2640000000000002, 1.32, 1.3760000000000001, 1.4320000000000002, 1.4880000000000002, 1.544, 1.6]
# train_density: [0.09449999999995012, 0.0005000000000554408, 0.03250000000001958, 0.008500000000046493, 0.006500000000048718, 0.031000000000021264, 0.01600000000003807, 0.032500000000019645, 0.012000000000042556, 0.013000000000041461, 0.046000000000004454, 0.017000000000036954, 0.051999999999997736, 0.027000000000025746, 0.030000000000022505, 0.0879999999999574, 0.026500000000026305, 0.15349999999988403, 0.015000000000039253, 0.2979999999997221]
# mcts_density:  [5.599999999993733e-14, 5.599999999993733e-14, 5.599999999993733e-14, 5.599999999993733e-14, 5.599999999993733e-14, 5.599999999993733e-14, 5.599999999993733e-14, 5.599999999993733e-14, 5.599999999993733e-14, 5.599999999993733e-14, 5.599999999993733e-14, 5.599999999993733e-14, 5.599999999993733e-14, 5.599999999993733e-14, 5.599999999993733e-14, 5.599999999993733e-14, 5.599999999993733e-14, 5.599999999993733e-14, 5.599999999993733e-14, 0.999999999998936]

# col_wt_std
# bin_edges: [0.3440930106817051, 0.36232845044095857, 0.38056389020021203, 0.3987993299594655, 0.4170347697187189, 0.43527020947797235, 0.4535056492372258, 0.47174108899647926, 0.4899765287557327, 0.5082119685149862, 0.5264474082742396, 0.5446828480334931, 0.5629182877927466, 0.581153727552, 0.5993891673112535, 0.6176246070705069, 0.6358600468297604, 0.6540954865890138, 0.6723309263482673, 0.6905663661075208, 0.7088018058667741]
# train_density: [0.000500000000018053, 1.8235439759246802e-14, 1.8235439759246802e-14, 0.0005000000000180545, 0.0030000000000171404, 0.0010000000000178705, 0.0030000000000171404, 0.28049999999991587, 0.14249999999996624, 0.011500000000014039, 0.0190000000000113, 0.04999999999999998, 0.18849999999994946, 0.045000000000001816, 0.07799999999998977, 0.10349999999998045, 0.029000000000007655, 0.020500000000010753, 0.0190000000000113, 0.00500000000001644]
# mcts_density:  [1.8235439759246805e-14, 1.8235439759246805e-14, 1.8235439759246805e-14, 1.8235439759246805e-14, 1.8235439759246805e-14, 1.8235439759246805e-14, 1.8235439759246805e-14, 0.015748031496075482, 1.8235439759246805e-14, 1.8235439759246805e-14, 1.8235439759246805e-14, 0.46456692913370706, 0.2125984251967911, 0.007874015748046859, 0.23622047244087696, 1.8235439759246805e-14, 0.015748031496075482, 1.8235439759246805e-14, 0.03937007874016136, 0.007874015748046907]

# col_wt_max
# bin_edges: [1.0, 1.05, 1.1, 1.15, 1.2, 1.25, 1.3, 1.35, 1.4, 1.45, 1.5, 1.55, 1.6, 1.65, 1.7000000000000002, 1.75, 1.8, 1.85, 1.9, 1.9500000000000002, 2.0]
# train_density: [0.12099999999992854, 4.9999999999949855e-14, 4.9999999999949855e-14, 4.9999999999949855e-14, 4.9999999999949855e-14, 4.9999999999949855e-14, 4.9999999999949855e-14, 4.9999999999949855e-14, 4.9999999999949855e-14, 4.9999999999949855e-14, 4.9999999999949855e-14, 4.9999999999949855e-14, 4.9999999999949855e-14, 4.9999999999949855e-14, 4.9999999999949855e-14, 4.9999999999949855e-14, 4.9999999999949855e-14, 4.9999999999949855e-14, 4.9999999999949855e-14, 0.8789999999991714]
# mcts_density:  [4.9999999999949824e-14, 4.9999999999949824e-14, 4.9999999999949824e-14, 4.9999999999949824e-14, 4.9999999999949824e-14, 4.9999999999949824e-14, 4.9999999999949824e-14, 4.9999999999949824e-14, 4.9999999999949824e-14, 4.9999999999949824e-14, 4.9999999999949824e-14, 4.9999999999949824e-14, 4.9999999999949824e-14, 4.9999999999949824e-14, 4.9999999999949824e-14, 4.9999999999949824e-14, 4.9999999999949824e-14, 4.9999999999949824e-14, 4.9999999999949824e-14, 0.99999999999905]

# active_rows
# bin_edges: [11.5, 11.55, 11.6, 11.65, 11.7, 11.75, 11.8, 11.85, 11.9, 11.95, 12.0, 12.05, 12.1, 12.15, 12.2, 12.25, 12.3, 12.35, 12.4, 12.45, 12.5]
# train_density: [4.999999999995073e-14, 4.999999999995073e-14, 4.999999999995073e-14, 4.999999999995073e-14, 4.999999999995073e-14, 4.999999999995073e-14, 4.999999999995073e-14, 4.999999999995073e-14, 4.999999999995073e-14, 4.999999999995073e-14, 0.9999999999990503, 4.999999999995073e-14, 4.999999999995073e-14, 4.999999999995073e-14, 4.999999999995073e-14, 4.999999999995073e-14, 4.999999999995073e-14, 4.999999999995073e-14, 4.999999999995073e-14, 4.999999999995073e-14]
# mcts_density:  [4.999999999995073e-14, 4.999999999995073e-14, 4.999999999995073e-14, 4.999999999995073e-14, 4.999999999995073e-14, 4.999999999995073e-14, 4.999999999995073e-14, 4.999999999995073e-14, 4.999999999995073e-14, 4.999999999995073e-14, 0.9999999999990503, 4.999999999995073e-14, 4.999999999995073e-14, 4.999999999995073e-14, 4.999999999995073e-14, 4.999999999995073e-14, 4.999999999995073e-14, 4.999999999995073e-14, 4.999999999995073e-14, 4.999999999995073e-14]

# active_cols
# bin_edges: [12.0, 12.65, 13.3, 13.95, 14.6, 15.25, 15.9, 16.55, 17.2, 17.85, 18.5, 19.15, 19.8, 20.450000000000003, 21.1, 21.75, 22.4, 23.05, 23.700000000000003, 24.35, 25.0]
# train_density: [0.07949999999961639, 0.015000000000454978, 6.499999999915494e-13, 0.0005000000006434993, 0.030500000000253456, 6.499999999915494e-13, 0.009500000000526487, 0.030000000000260037, 6.499999999915494e-13, 0.02600000000031203, 0.02250000000035753, 6.499999999915494e-13, 0.03750000000016234, 0.04850000000001956, 6.499999999915494e-13, 0.0724999999997076, 0.12499999999902447, 6.499999999915494e-13, 0.1974999999980827, 0.3054999999966789]
# mcts_density:  [6.499999999915485e-13, 6.499999999915485e-13, 6.499999999915485e-13, 6.499999999915485e-13, 6.499999999915485e-13, 6.499999999915485e-13, 6.499999999915485e-13, 6.499999999915485e-13, 6.499999999915485e-13, 6.499999999915485e-13, 6.499999999915485e-13, 6.499999999915485e-13, 6.499999999915485e-13, 6.499999999915485e-13, 6.499999999915485e-13, 6.499999999915485e-13, 6.499999999915485e-13, 6.499999999915485e-13, 0.033000000000221, 0.9669999999880791]
